22 25 27 28 30 31 29
22 25 27 28 30 31 32
72 74 75 77 80 81
72 74 75 77 80 81
52 53 55 58 63
52 53 55 58 59
14 17 19 27
14 17 19 22
65 67 68 71 73 76 77
65 68 68 71 73 76 77
60 59 62 62
60 62 62 62
27 30 28 31 32 39
27 30 28 31 32 35
64 67 68 71 74 71 81
64 67 68 71 74 71 74
29 32 33 36 39 40
29 32 33 36 39 40
72 74 74 74
72 74 74 75
64 65 67 70 72 76
64 65 67 70 72 72
77 79 80 80 89
77 79 80 80 82
45 47 53 54
45 47 49 54
13 16 22 23 25 27 24
13 16 18 23 25 27 24
16 17 18 19 20 25 25
16 17 18 19 20 21 25
51 52 54 56 64 66 68
51 52 54 56 59 66 68
14 16 22 23 22
14 16 17 23 22
27 34 35 35
27 28 35 35
62 65 66 69 70 72
63 65 66 69 70 72
40 42 43 45 46 46
41 42 43 45 46 46
7 4 7 12
7 4 7 8
86 83 85 88 96
86 83 85 88 90
37 36 38 39 37 39
37 36 38 39 37 39
78 77 80 79 80 86
78 77 80 79 80 82
32 30 33 35 34 42
32 30 33 35 34 35
68 70 73 73 76
70 70 73 73 76
60 58 59 60 61 59
60 58 59 60 61 59
85 86 86 86
85 83 86 86
3 1 1 2 8
3 1 1 2 4
21 18 19 26
21 18 19 19
59 56 57 63 64
59 56 57 59 64
48 45 47 52 53 50
48 45 47 48 53 50
43 44 47 49 52 52
43 40 47 49 52 52
48 47 51 55
48 45 51 55
51 52 54 57 58 62 67
54 52 54 57 58 62 67
21 19 20 29 31
21 19 20 22 31
32 29 31 39 41 44 41
32 29 31 34 41 44 41
47 46 48 54 57 57
47 46 48 49 57 57
77 77 82 86
77 74 82 86
44 45 51 54 60
47 45 51 54 60
55 57 58 59 62 65 68
55 57 58 59 62 65 68
40 40 41 41
40 40 41 44
77 77 80 81 83 89
77 77 80 81 83 85
28 28 30 38
28 28 30 31
88 88 88 90 93
88 88 89 90 93
31 34 36 34 35 37 35
31 34 36 34 35 37 35
31 31 34 33 33
31 31 34 36 33
49 49 47 48 53
49 49 47 48 49
69 69 72 73 76
69 69 72 73 71
65 65 65 68 70 68
65 65 65 68 70 71
75 75 78 79 83
75 75 78 79 79
6 6 8 10 10 13 21
6 6 8 10 10 13 16
43 43 46 51 52 54
43 43 46 47 52 54
11 11 13 16 19 26 24
11 11 13 16 19 22 24
76 76 77 84 84
76 76 77 80 84
19 23 24 27 31
19 23 24 27 31
8 10 12 15 19 26
8 10 12 15 19 26
71 76 79 80
71 71 79 80
12 12 15 24 25 24
12 12 15 17 25 24
8 8 9 10 11 19 19
8 8 9 10 11 12 19
74 76 83 85 89
74 76 83 85 89
65 67 73 74 75 78 85
65 67 73 74 75 78 85
27 30 32 33
23 30 32 33
74 75 78 75
70 75 78 75
11 12 13 14 17 17
7 12 13 14 17 17
5 4 7 9 10 11
1 4 7 9 10 11
51 53 54 55 53 54 51
47 53 54 55 53 54 51
60 63 64 66 64 67 67
56 63 64 66 64 67 67
36 40 41 42 44 48
36 40 43 42 44 48
81 85 85 92
81 85 83 92
73 73 75 78 81 82
69 73 75 78 81 82
41 44 44 47 48 45
37 44 44 47 48 45
45 45 48 49 51 51
41 45 48 49 51 51
43 47 49 51 55
43 47 49 51 55
36 40 41 42 49
36 40 41 42 49
10 14 15 19 17
10 14 15 19 20
15 21 25 25
15 19 25 25
73 80 84 89
73 77 84 89
53 57 64 67 67
53 57 64 67 68
50 54 55 56 62
50 54 55 56 62
27 29 30 31
21 29 30 31
47 48 50 48
40 48 50 48
75 77 78 79 80 81 81
68 77 78 79 80 81 81
57 55 56 57 59 62 63
51 55 56 57 59 62 63
90 92 93 96 99 98 97
83 92 93 96 99 98 97
16 14 16 16
10 14 16 16
34 40 43 46 50
34 41 43 46 50
70 75 76 77 79 86
70 75 76 79 79 86
47 47 50 53 55 56 58
42 47 50 53 55 56 58
61 62 63 66 66 68 67
54 62 63 66 66 68 67
7 7 8 9 9
2 7 8 9 9
71 78 80 84
71 78 78 84
78 84 86 89 92 98
78 84 86 89 92 98
37 44 47 48 52 53 52
37 44 47 48 52 53 55
74 79 80 81 82 86 87
74 79 80 81 82 86 87
18 25 26 29 34 36 37
18 25 26 29 34 36 39
66 73 75 78 79 85
66 73 75 78 79 85
61 69 75 79
61 67 75 79
99 96 94 91 90 88
99 96 94 91 90 87
85 84 81 80 79 78
85 84 81 80 79 78
25 22 21 19 12
25 22 21 19 16
43 42 41 40 32
43 42 41 40 38
27 27 24 21
27 24 24 21
61 60 59 61 59 59
61 60 59 58 59 59
31 29 31 28 21
31 29 31 28 25
40 37 35 38 35 33 25
40 37 35 38 35 33 30
87 85 83 82 79
87 85 83 82 79
48 45 44 41 44
48 45 44 41 41
61 59 58 54
61 59 58 58
19 16 15 15 12 4
19 16 15 15 12 11
46 43 40 39 34 33 30
46 43 40 39 38 33 30
58 53 51 54
58 57 51 54
60 54 52 51 50 50
60 58 52 51 50 50
48 46 38 36
48 46 44 36
40 39 37 35 29 26 28
40 39 37 35 34 26 28
50 49 41 38 37 34 34
50 49 48 38 37 34 34
84 82 80 78 75 74
83 82 80 78 75 74
29 28 25 22 20 17 17
26 28 25 22 20 17 17
12 14 11 9 3
12 14 11 9 7
67 69 67 59
67 69 67 65
39 37 39 39
39 40 39 39
27 30 27 26 27 26 21
27 30 27 26 27 26 25
57 60 59 57 55 52 48
57 60 59 57 55 52 55
34 31 31 28
31 31 31 28
45 47 46 45 44 45
45 47 46 45 44 45
50 48 48 46 43 42 42
48 48 48 46 43 42 42
53 56 53 53 48
53 56 53 53 52
43 45 45 37
43 45 45 42
23 22 20 18 16 13
23 26 20 18 16 13
32 33 31 29 26 19 20
32 33 31 29 26 23 20
41 43 42 36 36
41 43 42 40 36
51 49 47 43 39
49 49 47 43 39
17 15 11 10 5
15 15 11 10 5
71 69 67 66
71 74 67 66
51 49 47 44 46
51 54 47 44 46
76 78 75 66 66
76 78 75 73 66
75 68 66 63 61 57
74 68 66 63 61 57
95 92 86 85 78
94 92 86 85 78
51 48 45 44
51 48 45 44
43 43 40 37 36 37
43 43 40 37 36 34
15 15 14 8
15 15 14 12
50 50 47 45 44 35
50 50 47 45 44 41
88 89 87 85 83 82
88 88 87 85 83 82
42 39 41 42
42 42 41 42
91 91 90 91 91
91 91 90 88 91
51 51 50 48 50 44
51 51 50 48 50 48
50 50 48 46 47 44 37
50 50 48 46 47 44 43
6 6 6 7
6 6 6 5
28 28 27 26 26 19
28 28 27 26 26 23
15 15 15 5
15 15 15 12
38 38 37 31 28 27 25
38 38 37 35 28 27 25
27 27 25 18 20
27 27 25 22 20
18 18 12 12
18 18 16 12
34 31 27 23
34 34 27 23
16 15 11 4
16 16 11 4
50 43 41 40
50 50 41 40
67 67 64 57 59
67 67 64 63 59
91 91 83 83
91 91 89 83
21 18 12 10 9 5
21 18 12 10 9 5
73 68 67 64 57
73 68 67 64 57
93 92 90 88 87 84
97 92 90 88 87 84
13 10 7 4 7
17 10 7 4 7
74 71 68 68
78 71 68 68
91 92 90 87
95 92 90 87
34 32 31 33 35
38 32 31 33 35
51 48 49 47 46 46
55 48 49 47 46 46
79 75 72 71 69 65
79 75 72 69 69 65
70 66 64 66 61
70 66 64 63 61
41 41 40 38
45 41 40 38
35 35 32 31 29 31
39 35 32 31 29 31
2 2 1 1
6 2 1 1
32 28 26 24 20
32 28 26 24 20
90 86 85 79
90 86 86 79
31 27 23 20 20
31 27 23 20 18
72 68 66 64 60 59 56
72 68 66 64 60 59 56
20 16 10 6
20 16 12 6
36 32 30 24 23 21
36 32 30 24 23 20
75 71 69 66 63 57 55
75 71 69 66 63 57 55
42 39 38 37 34 31 30
48 39 38 37 34 31 30
83 81 78 76 77
88 81 78 76 77
8 5 2 1 1
15 5 2 1 1
39 36 39 36 33 30 27
45 36 39 36 33 30 27
55 56 54 52 49 47 49
60 56 54 52 49 47 49
58 57 58 58
64 57 58 58
82 75 72 72 70 67 63
82 75 72 71 70 67 63
26 19 19 17 15 9
26 19 16 17 15 9
20 18 15 15 12
26 18 15 15 12
49 46 45 45 44 47
54 46 45 45 44 47
12 9 9 7 7
18 9 9 7 7
22 15 15 11
22 16 15 11
74 67 67 61
74 69 67 61
18 13 12 10 7 5 3
18 13 12 10 7 5 1
48 41 37 36 35 32
48 41 37 36 35 32
28 22 21 19 16
28 22 21 19 14
32 26 19 19
32 27 19 19
53 44 37 30
53 47 37 30
5 7 8 11 15
5 7 8 11 11
25 27 27 26
25 24 27 26
84 86 85 80 79 77
84 86 85 84 79 77
44 45 43 40 33
44 45 43 40 37
17 14 16 6
17 14 16 13
27 34 36 39 42 40
27 27 36 39 42 40
54 53 50 48
61 53 50 48
58 60 64 65 68 72
58 60 64 65 68 72
78 77 74 74
75 77 74 74
75 75 72 71 70 64
75 75 72 71 70 70
55 52 49 43 41 36
55 52 49 43 41 36
84 83 81 80
84 83 80 80
69 73 74 75 79
69 73 74 76 79
80 82 79 79
87 82 79 79
83 82 88 93
83 80 88 93
74 74 73 70 68 63
74 74 73 70 68 67
66 65 66 67 74 77
66 65 66 67 70 77
14 11 9 6 3 2 1
14 11 9 6 3 2 1
22 26 28 31 33 36 36
22 22 28 31 33 36 36
65 69 71 72
65 65 71 72
58 51 48 45 43 42 42
58 58 48 45 43 42 42
88 89 90 93 93
89 89 90 93 93
8 15 19 22 24
8 15 19 22 24
35 40 45 44
35 39 45 44
86 88 90 91 92 93
80 88 90 91 92 93
84 90 89 94
84 88 89 94
26 26 24 23 22 21 21
24 26 24 23 22 21 21
61 57 55 54 51 50 46
61 57 55 54 51 50 46
15 15 15 10
15 15 15 14
89 88 86 83 80 70
89 88 86 83 80 77
23 25 27 34 35 38 39
23 25 27 29 35 38 39
47 45 44 42 39 35
47 43 44 42 39 35
38 41 44 47 50 50
31 41 44 47 50 50
27 20 17 15 13
27 25 17 15 13
86 82 81 75 76
86 82 81 75 73
53 52 50 51 52 58
53 52 50 51 52 54
87 90 91 96 93
87 90 91 92 93
23 22 21 20 20 12
23 22 21 20 20 19
5 8 9 12 14 15
5 8 9 12 14 15
29 33 38 42
29 33 37 42
57 52 48 47 44 41 40
57 52 48 47 44 41 39
89 91 84 83
89 91 90 83
31 34 35 41
31 34 35 35
89 88 87 85 87 84
96 88 87 85 87 84
16 18 15 13 11 11
16 16 15 13 11 11
37 38 41 44 45
37 38 41 44 45
49 47 50 53 63
49 47 50 53 56
31 29 27 26 19 18
31 29 27 26 23 18
38 39 42 45 47 49 57
38 39 42 45 47 49 52
42 42 43 44 45 50 48
42 42 43 44 45 46 48
62 62 64 65
62 63 64 65
34 28 25 24
34 34 25 24
41 41 43 41 34
41 41 43 41 38
16 14 13 11 8 7
16 14 13 11 8 7
19 14 11 8 4
19 14 11 8 4
71 68 68 65 64 65
78 68 68 65 64 65
18 14 10 9 6 6
18 14 10 9 6 5
3 3 2 1
8 3 2 1
11 13 10 10
11 11 10 10
66 65 73 76 77 77
66 65 67 76 77 77
6 8 9 11 12 15 16
2 8 9 11 12 15 16
67 67 68 65
67 67 67 65
62 61 60 59 59 59
67 61 60 59 59 59
15 15 17 17
11 15 17 17
18 19 17 15 8 5 8
18 19 17 15 14 5 8
4 4 4 7 9 11 19
4 4 4 7 9 11 13
31 27 26 25 22 17
31 27 26 25 22 17
58 59 64 67 67
58 59 60 67 67
81 88 90 91 97
81 88 90 91 97
31 31 38 41
31 31 32 41
28 26 28 30 31 29 36
28 26 28 30 31 29 30
29 31 34 40 44
29 31 34 40 44
33 30 29 28 22 22
33 30 29 28 26 22
68 72 75 78 80 86
68 72 75 78 80 86
85 86 93 95
85 86 89 95
47 49 46 45 44 41
47 49 46 45 44 45
38 39 40 41 46 48 55
38 39 40 41 46 48 55
48 53 60 58
48 53 59 58
96 94 96 95
91 94 96 95
78 81 78 77 77 68
78 81 78 77 77 75
34 30 27 23
34 28 27 23
85 81 73 73
85 81 76 73
30 24 21 18
30 24 21 16
88 85 86 89 95
88 85 86 89 91
40 42 40 41 39
36 42 40 41 39
16 16 14 12 9 6 4
16 16 14 11 9 6 4
59 57 53 52 51 45
59 57 53 52 51 45
44 40 37 33 30 28 25
44 40 37 33 30 28 25
44 37 32 30 27
44 37 32 30 27
1 2 3 5 5
1 2 3 6 5
77 74 72 71 69 69
84 74 72 71 69 69
